-----------1st FRAMES-----------
0.4
ans =

     1    48


prec =

    0.3359


recall =

    0.3958


0.5
ans =

     1    48


prec =

    0.3374


recall =

    0.3958

-----------ALL FRAMES-----------
0.4
ans =

           1       29077


prec =

    0.2331


recall =

    0.1966



0.5
ans =

           1       29077


prec =

    0.2308


recall =

    0.1933